1 10 20
100 200 125
201 210 89
900 1000 174
1 1 1
1 1001 179
8787 200000 383
6766 888999 525
7373 9999 260
111 33333 308
11 12 15
10004 10005 30
666 888 179
8989 8999 185
999999 1 525
2000 1001 182
89000 88001 333
7000 6001 262
999999 999001 396
4000 1001 238
50000 30001 324
100000 2001 351
402 401 20
401 400 28
70000 69001 299
88787 222 351
100020 111 351
898898 3 525
141414 555 354
174029 856279 525
856279 174029 525
598834 910291 525
910291 598834 525
8830 838547 525
838547 8830 525
412804 482384 444
482384 412804 444
153410 596538 470
596538 153410 470
393528 807397 509
807397 393528 509
241690 976704 525
976704 241690 525
327968 938670 525
938670 327968 525
660801 793093 504
793093 660801 504
552230 649559 509
649559 552230 509
699723 768067 504
768067 699723 504
531143 902251 525
902251 531143 525
783881 844911 525
844911 783881 525
310167 632982 509
632982 310167 509
67076 85858 351
85858 67076 351
361688 878802 525
878802 361688 525
317787 556108 470
556108 317787 470
322018 875913 525
875913 322018 525
649808 683710 442
683710 649808 442
318089 661376 509
661376 318089 509
585462 945696 525
945696 585462 525
79355 813604 509
813604 79355 509
468617 579114 470
579114 468617 470
301719 739979 509
739979 301719 509
672950 920079 525
920079 672950 525
192932 357428 443
357428 192932 443
290301 941434 525
941434 290301 525
619793 964395 525
964395 619793 525
837289 897401 525
897401 837289 525
128210 767211 509
767211 128210 509
872035 901248 445
901248 872035 445
728285 924012 525
924012 728285 525
244640 302782 407
302782 244640 407
857146 242987 525
409921 382897 436
423184 866979 525
161689 426313 449
381085 697761 509
466592 311081 449
176654 506644 449
972775 142948 525
961316 268084 525
584323 24 470
491147 950691 525
407504 770862 509
157706 247605 443
199363 314364 443
842470 64140 525
630668 300084 509
935812 756291 525
871600 338455 525
460040 102749 449
142397 47259 354
815010 515096 509
298028 233604 407
630057 857796 525
178074 695624 509
584706 77003 470
174144 817489 509
180925 822129 509
408123 669938 509
537119 679034 509
553014 177277 470
381783 858135 525
795526 28394 509
596860 381042 470
755505 697374 504
516172 967388 525
